Completed 10 out of 5226 iterations. . .
Data at time of error:EIGENVALUES:
5.36434 0.0124111 0.181554 5.9417 0.0894371 0.0788434 0.0214182 0.0319857 0.0275212 0.0616167 1.93173 0.53324 2.05563 2.44284 0.187346 0.125734 1.65309 0.788071 1.35545 0.737807 0.281993 0.265637 0.0391885 0.33347 1.03194 0.426006 
(!) ERROR incorrect eigenvalue average. 
Mean of eigenvalue 1 should be 1
EIGENVECTORS:
0.208604 -0.0216693 -0.347941 0.182186 -0.0481338 -0.184993 0.205733 0.104013 -0.330526 -0.144754 0.356375 0.063272 0.0360492 0.0893005 -0.176808 0.353153 0.0125494 0.153987 0.152496 -0.322755 -0.176864 0.197844 -0.0143496 0.0589717 -0.213227 0.12144 
-0.268846 0.42491 0.108859 0.0294054 -0.260124 -0.281554 0.14011 -0.0945235 -0.509757 0.03078 -0.178726 0.111359 -0.13049 0.00924137 -0.240053 -0.223544 0.0301909 -0.0795792 0.128928 0.0998036 0.000796912 0.0703234 0.216515 -0.158434 0.135276 -0.00696838 
0.235421 -0.0435598 0.42989 -0.127901 -0.00181927 -0.453779 0.101001 -0.069615 0.151497 0.370471 0.104931 0.106671 -0.0832751 -0.038339 0.27847 0.0462295 0.0651551 -0.0558409 0.0120867 -0.263619 -0.303995 -0.0621804 0.209632 -0.129618 -0.105568 -0.0685397 
-0.305844 -0.402691 0.0161187 0.237102 0.0252762 -0.132553 -0.196261 -0.342777 -0.0716202 0.241865 0.127721 0.33807 -0.174378 0.130822 -0.0694122 -0.0127952 -0.296563 0.081379 -0.0479634 0.121331 -0.079431 0.0784553 -0.337567 -0.111833 0.0188447 0.126455 
0.144184 -0.288207 0.125918 0.309515 -0.0704498 -0.184861 0.113889 0.343545 0.229595 -0.227848 -0.130001 0.269112 0.000577493 -0.302523 -0.212082 -0.333647 0.0430448 0.0137955 -0.0217826 0.0159306 0.112849 0.0823695 0.140342 -0.00821367 -0.00927199 0.361182 
0.2382 0.263434 0.248177 0.250192 -0.127527 0.195891 0.0855204 -0.123321 -0.138569 -0.154867 0.0143952 0.170991 0.0826055 -0.35739 0.286077 -0.0745854 0.00188502 -0.0276972 0.049958 -0.0960002 -0.125052 0.110396 -0.545531 0.0643954 0.152003 -0.112999 
0.24436 0.261388 -0.0474082 -0.188609 0.216518 0.181791 -0.0202244 0.146931 0.109344 -0.0570669 -0.1143 0.0762083 -0.421574 -0.0131593 -0.242198 -0.0865553 -0.521492 0.0982296 0.108102 -0.0716166 -0.27299 -0.150615 -0.0634139 -0.218833 -0.0529902 0.0611546 
0.531198 -0.164198 -0.155574 -0.152622 -0.220919 -0.144825 -0.386025 -0.0560866 -0.310113 0.220662 -0.437167 -0.0607498 0.100288 -0.00966267 -0.0347673 -0.0521741 -0.0490567 0.133973 -0.0812007 0.0538764 0.044362 0.0190504 -0.0643878 0.169163 -0.011632 0.0510061 
0.211941 -0.0843762 -0.196346 0.157311 0.150184 0.03364 -0.275785 -0.0519989 -0.148642 -0.303463 0.150999 0.192085 0.0240801 -0.00785789 0.303803 -0.00234412 -0.046045 -0.137442 -0.100657 0.228177 -0.171695 0.073102 0.423355 -0.331219 0.27244 -0.184935 
0.239204 0.196063 -0.113531 0.21614 0.230415 -0.184213 0.212632 -0.456138 0.237978 -0.00954318 0.0570357 -0.0591861 -0.0152383 0.0580522 -0.133038 -0.251075 -0.10187 0.0725546 -0.0536059 0.264165 0.0373375 0.184851 0.12526 0.365154 -0.181146 -0.225636 
-0.127533 -0.00926221 -0.438402 0.0515828 -0.0111903 -0.0381751 -0.16576 0.161396 0.0184547 0.221703 0.127662 -0.0407767 -0.411054 -0.151703 0.15028 -0.384878 0.158963 -0.264205 0.0423326 -0.295798 -0.0817695 0.0259773 -0.0324463 0.28805 0.124067 -0.11134 
-0.0912346 0.0382349 -0.317791 -0.0843171 0.194015 0.0213069 0.320789 -0.119858 0.118274 0.111878 -0.432601 -0.00451158 0.0596829 0.0548606 0.324122 -0.0310523 0.0904555 0.126351 -0.0121853 -0.104915 -0.0843364 0.434373 -0.0434194 -0.276197 0.0829573 0.290413 
0.0271386 0.0567793 -0.0902892 -0.0896745 -0.226262 -0.00404903 -0.130677 0.0344177 0.289931 -0.12737 -0.0442682 0.339447 0.319344 0.506 -0.155407 -0.292798 0.169366 0.0178471 0.180054 -0.181784 -0.165666 0.00311491 -0.146531 -0.110851 0.00678654 -0.26321 
0.144356 -0.141772 -0.145033 0.142169 -0.107811 -0.035312 0.513592 0.0363388 -0.13102 0.00859638 -0.0327419 -0.0175367 -0.0734726 0.2747 0.119031 -0.126078 -0.0822675 0.0423936 -0.396813 -0.059517 0.114833 -0.509185 -0.0966395 -0.0757175 0.209894 -0.0956766 
0.0810449 0.325803 0.127175 0.298931 0.209186 0.206348 -0.229574 -0.10279 0.0163446 0.242662 0.048019 0.0986288 0.166109 0.200932 -0.145916 0.0439071 0.00941334 -0.0576115 -0.2523 -0.372842 0.111846 -0.0405804 0.191957 0.11208 0.259598 0.364337 
0.136539 0.0597092 0.129687 0.0265801 -0.306844 -0.134083 -0.0921193 -0.0414199 0.183547 -0.248676 0.0268475 -0.106991 -0.41311 0.33988 0.243018 0.145998 -0.162902 -0.0495375 0.149113 -0.0999862 0.464682 0.247481 -0.0108889 0.00927747 0.133747 0.0848102 
0.0374018 -0.148331 0.206612 -0.0594716 0.305754 0.0766185 -0.0538358 -0.0900807 -0.136895 -0.195644 -0.160082 0.104135 -0.411563 0.0350554 -0.229023 0.063376 0.495208 0.257053 -0.230761 -0.187697 0.0665472 0.123075 -0.0519405 -0.0452241 0.00826389 -0.274339 
-0.136983 0.0083563 -0.128664 0.179011 -0.2843 -0.100221 -0.0838327 -0.102767 0.277501 0.0532582 -0.0438842 -0.23746 0.0799055 -0.346702 -0.189382 0.140624 -0.16527 0.405738 -0.0803574 -0.256451 -0.0089333 0.0228336 0.117633 -0.188618 0.29805 -0.317351 
0.0562008 -0.24064 0.112645 0.11335 0.345538 -0.0306212 0.100917 0.00231969 -0.10668 0.0502953 -0.101319 -0.13066 0.0750649 0.0904983 -0.0159211 -0.0238893 -0.0112556 0.113184 0.68081 -0.0294006 0.0206107 -0.150831 0.032037 0.147516 0.447503 -0.0587455 
-0.126743 0.164995 0.0416611 -0.229672 -0.046265 -0.137992 -0.074279 0.145369 0.023478 -0.128094 0.202298 0.0942209 -0.0513218 0.0768288 0.209304 -0.0726042 0.0646079 0.585635 -0.13442 0.219328 -0.243557 -0.0388232 0.0154843 0.351512 0.270048 0.243205 
-0.131237 -0.0732023 0.123847 -0.261338 0.273835 -0.127406 -0.0131234 0.152252 -0.248195 -0.107984 0.11832 0.0134083 0.276016 -0.0284219 0.113657 -0.313349 -0.4172 0.0884978 -0.156561 -0.328414 0.298814 0.232748 0.00513487 0.0377529 -0.0661068 -0.200336 
0.00248888 -0.110568 0.241382 0.316645 -0.15993 0.353405 0.0800398 0.372796 -0.0996581 0.274101 -0.0327517 -0.211872 -0.0693722 0.270529 0.040691 -0.0978443 -0.100196 0.127599 -0.0638051 0.133362 -0.242344 0.369723 0.138916 0.0515856 -0.0899497 -0.198692 
-0.0384243 0.254538 -0.0166729 0.341806 0.305339 -0.461832 -0.256454 0.333708 0.0309565 -0.0148185 -0.0770797 -0.296898 0.0507219 0.123022 0.0620585 0.0198447 0.0932303 0.0212189 -0.0701969 0.140005 0.00783603 -0.0821572 -0.335029 -0.226458 -0.0993006 -0.043397 
-0.227992 -0.135482 0.117768 0.143411 -0.0481788 -0.056267 -0.0991317 -0.218417 -0.0488023 -0.460296 -0.325385 -0.273572 0.0076302 0.0997164 0.0979087 -0.0310338 -0.135581 -0.139661 -0.0742923 -0.268527 -0.424245 -0.138617 0.0959924 0.234688 -0.15524 0.11654 
0.0833244 -0.0982537 0.0678881 -0.248513 0.0292307 -0.180895 0.122938 0.0783977 0.0787901 -0.0510273 0.071073 -0.169287 0.0550434 0.0467149 -0.342281 0.131447 -0.0557109 -0.414529 -0.251389 0.0996809 -0.239466 0.309682 -0.199784 0.0881692 0.48062 0.00541388 
0.159071 -0.0972096 0.072724 -0.0874944 -0.0741677 0.107014 -0.0548072 -0.258435 -0.0760204 -0.0457755 0.382371 -0.487935 0.00763075 0.0148564 -0.0906208 -0.450416 0.177126 0.107078 0.0469567 -0.0308606 -0.0415398 0.0130262 -0.0736077 -0.356736 -0.0200788 0.284703 

You might want to check the encoding on your input file
